165763187.544084
11118.0444678536
37.9320705486592 
7.72272661381850
2.88524578808191
1.28476126406035
1.61228526365755
1.64248949767803
1.78064012632413
3.46711124025485
6.07779458952973
6.97078172276418 
8.28856590682036
8.65611149800020
6.04785636846167
5.09047498536886
2.93794307053175
1.57340469948506
0.844474233808791
0.593843890043350
0.439023314966389
0.298247898356856
0.183694235086289
0.104563929091786
0.0681706086125357
0.0443210489740702
0.0319394311503117
0.0251068692957285
0.0185546812472348
0.0149596331824105
0.0125070814362925
0.00831681879481546
0.00497470485512581
0.00335900165992450
0.00235333022533369
0.00154051356778989
0.00109593350850232
0.000691259050478443
0.000386951352130308
0.000192344006044239
9.86173380444144e-05
6.16555321450141e-05
4.61698365401938e-05
2.56974587176607e-05
1.34846423562370e-05
6.86941950762517e-06
2.37083676915832e-06
4.59362030820319e-07
1.00879980000429e-07
4.63778481895174e-08
3.51709949692772e-08
2.41037687886503e-08
3.01174626487735e-08
2.66601133949999e-08
4.21337352095872e-08
7.42109650835272e-08
8.72000954381526e-08
1.17765140431500e-07
9.18939103384417e-08
8.59942544116774e-08
1.05722555924929e-07
1.55814457953231e-07
7.19313306749597e-08
8.92152103349091e-08
